90
10830.4 14320.1 10875.3 9361.61 11696.2 8415.85 13911.2 7088.6 16364 10245.4 9394.55 15609.3 9471.2 7639.5 8897.72 10232.6 7165.08 12648.9 10734.4 8479.24 11923.6 11198.2 7714.6 8258.85 8266.61 13121.3 9944.55 11341.3 9855.39 6793.25 11713.4 9148.47 8901.53 8265.79 7238.63 9194.2 9827.36 9602.19 7364.91 10730.2 8661.85 11915.2 6961.98 8057.05 9174.07 7510.41 8323.3 10113.1 7649.99 10812.7 10913.6 13385.9 12658.5 15275.2 11746.3 9541.3 10053.2 10209.4 9671.31 9547.62 13716.2 7334.36 7843.23 7933.64 7909.6 8733.31 10199.2 9115.28 7444.84 9020.26 12066.8 11422.8 7794.1 10736.9 8968.18 10684.4 8909.04 7095.3 9027.05 9234.55 10125.6 7599.41 8792.19 8433.4 6882.47 9518.02 8634.41 11180.8 14251.7 8483.3
14320.1 63167.3 44093.7 34175.2 30659.5 42408.2 34350.1 23421.8 32284.3 46931.3 21584.8 26087.5 19339.8 34634.6 30255.2 47568 30841.8 22295.2 51860.3 16775.9 19581.5 45253.3 23461.3 39280 23096.2 18990 16457.3 24652.1 48128.1 29268.3 54068.5 39036 36192.8 40591.8 35090.2 41439.8 24823.7 15634 28189 34985.6 27600.8 17189.3 25485.1 19158.4 45179.1 20467.4 19371.2 29837.9 28132.8 46801.6 20194.9 19621.7 58239.6 25333.6 16618.6 14696.7 39319.7 48814.3 35877.8 47442.6 23278.8 35110.1 33722.6 39363.2 26063.1 23884.6 44371.6 42100.5 34958.8 42815.8 16071.8 32662.7 32319.9 16837.1 16760.6 15109.3 21402.3 30473.3 27352 46060.9 22464.1 22117.2 17372.7 37099.2 26559.7 46030.4 43178.6 27071.6 21929.2 32631.7
10875.3 44093.7 32974.4 23690.6 23896.3 30219.9 24052 17704.3 23102.2 32403 15342.2 19255.3 15279.6 25741.9 23294 34789 21994.9 15968.8 36294.1 12669 15235.2 31180.6 16872.3 27469.9 18017.3 14339.8 12018.2 19377.2 34634.8 21565.9 37495.5 26998.2 27298.6 29564.2 25227.6 30744.6 19536.9 12169 21388 26870.6 19363.4 12588.2 18605.8 14834.5 31596.6 15266.9 14105.4 23203.9 19935.3 34647.9 15895.4 14505.4 40658.5 18935.5 12791.6 11109.8 27132.4 33869.5 27284.6 33788 16788 25679.8 23654.7 27870.4 20094.9 16901.8 30587.8 29171 24768.6 31423.9 12062.1 25331.9 24355.2 13160 12350 11167 16857.5 22748.6 21278.1 32487.9 17755 17037.5 13567.4 27718.1 19944.5 33444.9 31078.6 21237.3 16320 22744.4
9361.61 34175.2 23690.6 19394.8 17195.7 22735.1 20268.1 13256.1 19441.4 25589.7 13137.3 15950.5 11431.8 18648.9 16608.7 25348 17119.2 13871.1 27863.4 10329.1 11944.3 25112.9 13693.9 21421.9 13088.3 11933.2 10524.9 14239.4 25656.7 16082.8 29249.1 21642.9 19518.7 21680.9 19028.8 22138.7 14077.5 9766.62 15484.3 19174.7 16019.6 11074.2 14419.4 11265.2 24363.5 12012.8 11757.1 16554.3 15997.2 25026.2 12049.7 12395.8 31393.1 15444.3 10518.4 9451.09 22025.5 26386 19465.2 25351.1 14457.2 18924.2 18732.6 21273.4 14483.8 14184.7 24423.3 23025.3 19131.4 22820.7 10392 18130.7 17514 10449.9 10515.5 9869.93 12336.8 16600.3 15206.8 24713.9 12989.6 12610.1 10478.8 19910.8 14723.9 24512.3 23058.6 15370.6 13620.6 18423.1
11696.2 30659.5 23896.3 17195.7 20096.5 20392.7 19866 13545.2 20914.5 22214 12972.2 18798.9 13941.4 18033.5 17917.5 24131.4 15374.9 15082.5 24670.8 11460.2 15076.5 22041.7 13006.6 18682.6 14732.3 14917.8 11618.7 17364.3 23629 15231 25720.2 18806.5 19804.5 20188.8 17194.6 21575.4 16635.4 12000 15768 20959.4 14641.4 13004.2 13656.1 12693.1 21348.2 12311.8 11915.4 18744 14491.8 24580 15055.3 14963 27970.3 18586.4 13431.8 11119.9 19328.5 23020.4 20387.9 22892.7 16162.8 17653.3 16477.2 18829.2 15563.8 13433.7 21215.9 19950.2 16935.2 21691.6 12979.1 20678 17548.6 13239.8 11357.9 11602.9 14537.4 16167.2 17009.5 21934.4 15801.5 13649.8 12429.5 19613.9 14589 22922.7 21068.9 18354.8 16519.7 16282.9
8415.85 42408.2 30219.9 22735.1 20392.7 29119.6 21905.7 16043.6 19973.3 31554.3 13849.1 15765.6 12593.8 24020.5 20710.7 32689.1 21093.8 13599.8 35135.1 10804.7 12106.8 30146.8 15668.9 26713 15635.3 11238.3 10099.7 16059.8 33013.9 20267.4 36361.3 26219.2 24954.6 28046 24209.9 28594.6 16559.9 9769.53 19496 23750.1 18282.8 10131.4 17410.1 12748.4 30709.4 13707.6 12608.9 20155 18972.9 32119.2 12857.3 11557.8 39236.5 15356.9 9908.53 9017.83 26199 32958.3 24597.1 32472.1 14078.4 24330.5 22865.3 26979.6 17869.3 15644.7 29736.5 28421.3 23939.4 29546 9336.23 21917.9 22379.2 10382.3 10593.8 8961.54 14254.3 21148.1 18582.8 31433.1 14751.1 15031.3 11270.4 25661.4 18372.1 31671.8 29723.6 17885.6 13064.4 21880
13911.2 34350.1 24052 20268.1 19866 21905.7 24093.4 13959.2 25191.7 25390.3 15738.8 22110 14244.4 18251 17536.7 24919.3 16965.9 18590.4 27306.8 12900.6 16421.8 25713.3 14883.9 20922.7 14577 17427.8 14196.9 17536.5 24963.1 15844.3 29037.9 21751.1 19685.3 20950.2 18366.9 21838 16343.6 13229.4 15720.4 20627.4 17306.6 16034.2 14807.7 13178.3 23695.8 13427.6 13908.6 18312.6 16530.1 25018.7 15719.7 18028.3 31198.3 21453.4 15355.4 13043.7 22672.1 25920.8 20141 24581.3 19763.5 18296.3 18671 20537.4 15342 16022.5 24516.7 22724.6 18639.9 22258.7 15602.4 20343.1 17492.1 14515.3 13456.8 14243.5 14479.1 16383.8 16605.6 23951 15788 13808.4 13131.5 19685.8 14872.8 23863.4 22248.6 18210.9 19487.3 18925.1
7088.6 23421.8 17704.3 13256.1 13545.2 16043.6 13959.2 10260 13663.9 17344.3 9316.73 11575.3 9216.56 13932.2 12985 18396.2 12204.9 9803.95 19186.6 7933.66 9311.66 16970.1 9906.79 14798.6 10465.7 8896.48 7693 11327 18267 11987 19912.1 14729.6 14812.5 15714.8 13652.5 16391 11286.6 7705.24 11965.8 14867.2 11164.5 8013.48 10655.6 8948.91 16791.1 9133.65 8638.05 13061.5 11319.5 18444.3 9590.15 9011.43 21532.1 11381.2 8060.54 7205.94 14935.2 17992.2 14921.9 17837.3 10260.7 13863.5 13031.1 14924.9 11414.4 10014.3 16524.1 15697.8 13476.9 16662.9 7702.81 14208.2 13340.4 8222.14 7816.93 7266.12 9949.08 12546.3 12053.5 17201.5 10449.6 9972.73 8364.48 14922.1 11280.4 17659.7 16456.1 12215 9972.56 12703.5
16364 32284.3 23102.2 19441.4 20914.5 19973.3 25191.7 13663.9 27787.6 23527.5 16431.3 25372.3 15576.8 16984.9 17375.4 23250.5 15737.7 20762.5 25168.1 13905.8 18854.5 24362.1 14683.5 19173.8 14934.3 20494.6 15831.3 19129.4 23017.7 14744.4 26979 20313.1 18822.9 19240.7 16766.1 20477.8 17243.1 14976.8 15071.9 20721.5 16963.4 18602.1 14131.8 13820.7 21681.2 13577.1 14450.7 18754.5 15755.6 23709.1 17623.4 21090.5 29066.1 24691.6 18049.8 14774.7 21536.2 23875.2 19657.9 22546.1 22360.7 16798.4 17349 18708.1 15199.6 16148.2 22893.9 20964.7 17075.5 20642.6 18487.8 21030 16576.6 16701.3 14613.5 16448.8 15329.1 15333.7 16843.9 21902.2 17089 13930.1 14319.3 18504.7 14147.6 22057.2 20362.5 19455.7 22696.9 17941.6
10245.4 46931.3 32403 25589.7 22214 31554.3 25390.3 17344.3 23527.5 35074.8 16030.6 18736.1 13983.9 25626.6 22161.5 35123.8 23077.6 16261.5 38590.9 12316.9 13997.1 33823.6 17516.9 29379.6 16889.5 13522.9 12044.1 17768.7 35657.7 21781.4 40280 29241.2 26628.4 30083.8 26165.6 30560.6 18003.5 11282.1 20814.2 25543.6 20649 12387.6 19016.4 14037 33701.7 15173.9 14375.2 21726.1 21065 34462.9 14504.2 14040.2 43297.2 18146.5 11830.3 10673.3 29430.3 36418.2 26313.5 35233.4 16882.9 26078.2 25263.2 29372.7 19143.3 17824 33194.6 31502 26142.3 31642 11451.3 23735.1 23849.8 12052.9 12335.6 10924.4 15557.9 22584.6 19970.9 34290.7 16227.9 16270.9 12630.9 27366.9 19699.4 34054.1 32047.1 19573.5 15677.2 24452.9
9394.55 21584.8 15342.2 13137.3 12972.2 13849.1 15738.8 9316.73 16431.3 16030.6 10602.1 14414.1 9568.98 11730.4 11441.5 15749 11020.4 12325.6 17146.2 8830.61 10899.5 16372.2 9957.83 13308.6 9711.43 11476.8 9664.42 11571.8 15726.5 10337.2 18246.2 13902.2 12661.2 13294.7 11768.9 13896.6 10803.3 8995.24 10301.5 13363.2 11423.6 10700.8 9809.89 8924.58 14939 9079.96 9457.56 11970 10859.7 15879.1 10472.3 11861.3 19583.7 13999.1 10230.1 8934.58 14544 16305.9 12995.5 15475 13021 11728.8 12043.1 13044.2 10125 10719.6 15558.4 14413.5 11957.8 14109.6 10372.4 13239.7 11323.9 9745.03 9212.74 9646.54 9683.85 10649.5 10914.4 15085.9 10490.2 9250.83 8920.91 12610 9804.4 15066.7 14061.5 11965.8 12753.6 12280.7
15609.3 26087.5 19255.3 15950.5 18798.9 15765.6 22110 11575.3 25372.3 18736.1 14414.1 23864.8 14355.2 13768.7 14924.4 18824.6 12614.9 19078.9 19996.4 12575.9 17851.8 19770.5 12387.6 15150.4 13166.8 19596.4 14543.1 17608.8 18386.7 11931.3 21554.8 16289.1 15657.5 15351 13272.2 16698.7 15540.8 14033.1 12579.4 17977.2 14183.5 17526.4 11652.5 12348 17109 11741.9 12678.5 16534.1 12904.4 19500.8 16484 20038.3 23307.4 23308.1 17281.2 13768.4 17516.5 18928.1 16651.9 17890.2 20746.7 13413.1 13883.8 14736.5 13054.2 13805.9 18349.6 16638.3 13520.7 16635.8 17707.2 18654.9 13685.6 15825.3 13221.4 15454.1 13839.5 12503.4 14747 17301.2 15664.1 12113.2 13132.8 15144.6 11706.1 17688.9 16157.9 17673.2 21553.1 14589.5
9471.2 19339.8 15279.6 11431.8 13941.4 12593.8 14244.4 9216.56 15576.8 13983.9 9568.98 14355.2 10308.3 11386.5 11914.9 15045.2 9907.79 11586.8 15313.9 8690.98 11547 14253.6 9056.25 11718.7 10258.6 11717.8 9136.98 12542.5 14616.3 9800.84 16114.5 12068.2 12708.3 12514.8 10763.5 13551.7 11702.4 9347.56 10335.6 13974.2 10064.3 10368.5 9129.47 9209.87 13242.6 8755.57 8782.05 12756.3 9669.08 15521.2 11277.6 11772.3 17507.1 14183.3 10625.6 8836.88 12624.4 14346.6 13292.3 14133.9 12443.1 11053.2 10597.2 11700 10484.8 9558.17 13517.6 12569.4 10682.8 13497.2 10425.1 14109.9 11273.4 10293.2 8742.23 9347.82 10409.8 10366.8 11571 13555.2 11415.2 9492.52 9334.52 12409.1 9600.3 14203.3 13008.5 12960.2 12820.7 10723.8
7639.5 34634.6 25741.9 18648.9 18033.5 24020.5 18251 13932.2 16984.9 25626.6 11730.4 13768.7 11386.5 20400.4 18076.4 27385.7 17543.6 11666.2 28691.2 9564.12 10949.7 24531.9 13245.7 21858.6 13865.9 10057.8 8835.05 14392.6 27372.2 17195.1 29575 21377.7 21401.3 23446.8 20139 24199.4 14776.9 8879.08 16864.1 20685.1 15184.3 8923.46 14769.1 11346.5 25077 11890.4 10845.6 17748.7 15793.6 27147 11636.5 10202.7 32021.9 13520.1 9000 8094.34 21374.3 26805 21236 26760.1 12136.7 20446.8 18816.2 22204.3 15657.1 13134 24166.9 23140.1 19764.3 24812 8389.84 19269.2 19209.2 9460.49 9267.44 7967.55 12775.3 18065.9 16376.9 25772.9 13267.4 13237.9 10158.3 21847.3 15818.4 26415.1 24655.1 15934.1 11531.9 17991.1
8897.72 30255.2 23294 16608.7 17917.5 20710.7 17536.7 12985 17375.4 22161.5 11441.5 14924.4 11914.9 18076.4 17005.8 24093 15385.6 12260.3 24773.7 9840.94 12080.8 21541.1 12265.4 18851.7 13534.9 11453.3 9443.73 14892.4 23794 15258.9 25618 18630.2 19401.9 20424.5 17464.5 21477.5 14814 9745.14 15425.2 19609.9 13850.2 10031.4 13350.8 11346.4 21570.5 11381.2 10616.8 17210.9 14124.4 24234.1 12479.6 11500.2 27816.8 14745.7 10340.6 8917.93 18840.5 23103.9 19607.4 23131.2 12951.3 17873.7 16428.4 19125.8 14779.4 12339.3 21013.1 19989 17121.4 21779.3 9777.45 18791.6 17333.9 10555.3 9590.77 8992.75 12899.2 16136.7 15782 22195.7 13676.9 12724 10620.6 19496.7 14363.5 23057.9 21351.6 16114.4 12843.8 15917.7
10232.6 47568 34789 25348 24131.4 32689.1 24919.3 18396.2 23250.5 35123.8 15749 18824.6 15045.2 27385.7 24093 37236.6 23596.6 15868.6 39323.7 12613 14678.6 33594.2 17677.4 29757.4 18312.1 13665.3 11810.9 19202.1 37321 22935.4 40609.7 29156.7 28735.5 31769.6 27175.8 32718.5 19624 11735.1 22398.3 27723 20480.3 12099.8 19654.7 14922.8 34279.3 15707 14411.8 23677.5 21230.4 36806.5 15492.4 13921.7 43959.9 18434.6 12105.8 10723.6 29175.1 36749 28485.5 36527.3 16562.2 27521.4 25477.8 30169 20740.8 17637.2 33084.1 31615.7 26735.1 33642.2 11372.7 25800 25676.1 12599.3 12297.5 10693.3 16869.9 24098.2 21762.2 35203 17608.2 17445 13371.1 29394.9 20964.5 35939.1 33528 21264.6 15742.1 24382.5
7165.08 30841.8 21994.9 17119.2 15374.9 21093.8 16965.9 12204.9 15737.7 23077.6 11020.4 12614.9 9907.79 17543.6 15385.6 23596.6 15718.5 11013 25444.7 8741.39 9731.66 22310.8 12114.6 19578.8 11918.2 9231.67 8391.83 12388 23810.1 15049.2 26445 19414.4 18252.2 20296.8 17732.6 20720.6 12617.2 8018.29 14499.7 17592.7 14020.7 8477.2 13197.4 9985.62 22309.4 10688.7 10047.3 15088.8 14367.8 23269.4 10172.3 9515.42 28468.4 12274.5 8209.41 7558.87 19528.2 23965.3 18077.9 23447.9 11389.4 17762.7 16998.9 19664.9 13415.9 12216.3 21889.3 20845.7 17628.8 21350.1 7862.61 16395.6 16447.7 8474.87 8674.07 7597.48 11005.7 15608.9 13948.1 22759.4 11405.3 11507.8 9002.17 18687.2 13759.7 22843.1 21479.5 13619.8 10605.1 16434.9
12648.9 22295.2 15968.8 13871.1 15082.5 13599.8 18590.4 9803.95 20762.5 16261.5 12325.6 19078.9 11586.8 11666.2 12260.3 15868.6 11013 15748 17216.5 10532 14210.9 17106.8 10723 13217.4 10802.6 15578.1 12169.8 14059.2 15664 10266 18575.3 14208.3 13030.4 13095.6 11507.8 14018.7 12519.2 11417.5 10568.4 14641.1 12317.3 14295.6 10081.2 10226.7 14834.3 9991.95 10837 13393.3 11257.1 16283.8 13168.9 16056.8 19982.7 18554 13780.1 11390.1 15214.4 16390.8 13724.4 15344.9 16937.3 11503.2 12143.7 12802.1 10808.8 11924.3 15942.4 14500 11799.5 14067.8 14200.5 15040.8 11488.1 12684.6 11152.9 12727.6 11234.6 10631.2 12028 14934.5 12564.1 10089.7 10753.1 12715.2 9961.58 15009.5 13844 14148.9 17167.6 12736.3
10734.4 51860.3 36294.1 27863.4 24670.8 35135.1 27306.8 19186.6 25168.1 38590.9 17146.2 19996.4 15313.9 28691.2 24773.7 39323.7 25444.7 17216.5 42779.2 13244.1 15090.3 37003.8 19046.9 32428.8 18738.3 14333.6 12694 19567.1 39823.5 24220.1 44465.8 32038.2 29844.6 33655 29088.2 34266.9 19967.9 12094.7 23238.1 28537.1 22389.2 12976.5 20931.7 15382.5 37320.2 16562.3 15459.1 24223.5 23030.7 38604.1 15802.1 14809.3 47910.4 19422.4 12555.5 11282.3 32128.8 40224.6 29462.6 39257 17884.1 29122.4 27755.9 32591.7 21337.8 19215.8 36409.6 34665.2 28906.6 35452.6 12003.1 26435 26701.9 12935.1 13127.7 11419.1 17180.8 25221.9 22266.8 38094.5 17891 17998.5 13729.8 30681.7 21909.1 38104.7 35784 21674.2 16651.5 26701.8
8479.24 16775.9 12669 10329.1 11460.2 10804.7 12900.6 7933.66 13905.8 12316.9 8830.61 12575.9 8690.98 9564.12 9840.94 12613 8741.39 10532 13244.1 7785.98 9872.91 12698.9 8189.41 10291.8 8578.46 10246.9 8412.66 10411.7 12386.5 8425.17 14058 10761.6 10539.3 10573 9290.91 11294.6 9655.07 8178.79 8685.41 11494.1 9172.29 9390.81 8049.15 7927.56 11514.4 7759.86 8018.56 10481.7 8686.52 12925 9516.35 10443.6 15165.9 12319.9 9266.84 7996.51 11325.9 12528 10976.2 12076.9 11197.1 9396.19 9422.82 10145.6 8752.9 8772.79 11993.2 11095.2 9357.4 11315.2 9272.62 11584.2 9416.07 8884.55 8007.57 8536.21 8699.16 8770.03 9551.56 11686.9 9477.57 8073.72 8057.44 10341.1 8197.79 11964.6 11059.4 10682.6 11240.2 9653.12
11923.6 19581.5 15235.2 11944.3 15076.5 12106.8 16421.8 9311.66 18854.5 13997.1 10899.5 17851.8 11547 10949.7 12080.8 14678.6 9731.66 14210.9 15090.3 9872.91 13899.7 14712.4 9557.89 11470.5 10715.8 14801.4 11045.1 14068.3 14180 9464.63 16135.9 12197.8 12524.4 11989.7 10304 13186 12589.7 11048.5 10164 14436.2 10717.9 13112.2 9152.37 9943.71 12931.7 9285.63 9784.82 13364.3 9874.55 15324.1 13071.2 14958.2 17522 17565.7 13264.7 10651.3 13064.5 14199.2 13355.4 13699.6 15430.9 10550.6 10544.7 11275.7 10611 10470.3 13686.3 12483.7 10367.2 13037.7 13333.9 14982.3 10987.7 12384.9 10184.6 11690.7 11232.1 10003.4 11976.4 13160.5 12626.7 9817.41 10505.7 12050.9 9409.64 13745.2 12494.9 14195 16144.1 10998.2
11198.2 45253.3 31180.6 25112.9 22041.7 30146.8 25713.3 16970.1 24362.1 33823.6 16372.2 19770.5 14253.6 24531.9 21541.1 33594.2 22310.8 17106.8 37003.8 12698.9 14712.4 32922.6 17385.6 28251.5 16679.3 14558.9 12771.4 17972.7 34068.9 20965.8 38770.9 28367.9 25609.1 28713.9 25058 29247.5 17919.4 11885.8 20110.4 24902.4 20469.8 13400.8 18550.1 14112.2 32304.3 15134.3 14621.5 21334.3 20619.3 33059.7 14970.5 15126.8 41640.7 19138.2 12754 11388.3 28732.6 34988.5 25437.1 33672.2 17834.1 24935 24468.8 28124.9 18664.4 17897.9 32146.2 30372.4 25135 30225.3 12519.6 23372.3 22923.8 12755.8 12855.2 11847.7 15573.9 21696.4 19573 32806.4 16370.9 16045.8 12955.8 26218.6 19060.4 32523.7 30590.6 19567 16740.9 23894.7
7714.6 23461.3 16872.3 13693.9 13006.6 15668.9 14883.9 9906.79 14683.5 17516.9 9957.83 12387.6 9056.25 13245.7 12265.4 17677.4 12114.6 10723 19046.9 8189.41 9557.89 17385.6 10133.7 14770.3 9990.06 9555.62 8385.94 11060.2 17721.4 11544.9 19989 14991.4 14018.4 15102.9 13298.1 15607.4 10805.3 7947.55 11332.5 14120.2 11605.1 8863.66 10525.6 8789.56 16676.7 9143.32 9028.96 12405 11483.9 17638.2 9576.19 9841.58 21491.4 12058.8 8557.58 7705.16 15356.5 18015.3 14126.7 17430.9 11202.6 13311.6 13115.6 14686.4 10810.8 10524.2 16805.6 15818.2 13334.2 15948.3 8442.7 13566 12619.8 8481 8320.84 8015.36 9589.53 11937.7 11418 16943.3 10135.3 9592.79 8359 14152.9 10781.2 17014.7 15944.7 11780.1 10736.4 13001
8258.85 39280 27469.9 21421.9 18682.6 26713 20922.7 14798.6 19173.8 29379.6 13308.6 15150.4 11718.7 21858.6 18851.7 29757.4 19578.8 13217.4 32428.8 10291.8 11470.5 28251.5 14770.3 24776.7 14349.3 10876.6 9861.7 14848.1 30162 18603.6 33729.6 24529.7 22663.9 25561.7 22247.5 25970.7 15191.6 9321.71 17788.1 21630 17305 9961.88 16176.1 11869.9 28377.6 12845 12029.8 18389.4 17783.7 29205.7 12031.6 11263.7 36289.3 14698.7 9567.26 8760.39 24612.8 30554.3 22355.9 29765.1 13667.9 22222.4 21319.8 24861.2 16322.2 14900.9 27784.8 26457.8 22150.8 26870 9161.63 20021.3 20354.8 9888.74 10224 8831.29 13143 19301.9 16957.7 28927.3 13620.1 13852 10584.4 23306.6 16847.3 28859 27163.7 16435.9 12621.3 20547
8266.61 23096.2 18017.3 13088.3 14732.3 15635.3 14577 10465.7 14934.3 16889.5 9711.43 13166.8 10258.6 13865.9 13534.9 18312.1 11918.2 10802.6 18738.3 8578.46 10715.8 16679.3 9990.06 14349.3 11131 10384.1 8477.22 12617.4 17984.7 11838.9 19472.7 14363.1 15051.3 15470.4 13301.1 16414.3 12302.9 8732.47 12138.3 15641.4 11163.1 9168.24 10601.2 9591.94 16310.5 9438.53 9017.86 13944.9 11173.6 18579.9 10868.9 10420.8 21138.5 13017.6 9433.23 8102.32 14679.5 17509.3 15383.5 17456.3 11456.6 13627.7 12695.2 14488.1 11863.4 10191.3 16127.3 15245.4 13087.6 16538.2 9037.18 15258.8 13456 9471.98 8444.89 8282.26 10838.2 12504 12774.3 16753.1 11586.5 10432.4 9229.11 14976.9 11320.5 17454.3 16123.8 13425.6 11507.6 12474.8
13121.3 18990 14339.8 11933.2 14917.8 11238.3 17427.8 8896.48 20494.6 13522.9 11476.8 19596.4 11717.8 10057.8 11453.3 13665.3 9231.67 15578.1 14333.6 10246.9 14801.4 14558.9 9555.62 10876.6 10384.1 16328.8 11979 14266.2 13203.8 8775.27 15554.3 11891.5 11669.1 11028.1 9533.02 12208.9 12405.1 11660.7 9470.8 13867.4 10834.7 14568.8 8777.87 9910.13 12215.3 9233.01 10115.2 12940.3 9670.76 14351 13558.3 16631.9 16846.3 19185 14473.3 11453.7 12963.4 13573.4 12599.2 12788.4 16995.2 9682.34 10138.9 10520.5 10065 10769.1 13352.7 11992.6 9743.07 12037.3 14839.3 14647 10166 13183.9 10794.3 12891.3 11113.7 9221.02 11507 12340.6 12679.6 9491.51 10743.3 11128.3 8787.68 12740.7 11551.7 14159.6 17829.2 10835.3
9944.55 16457.3 12018.2 10524.9 11618.7 10099.7 14196.9 7693 15831.3 12044.1 9664.42 14543.1 9136.98 8835.05 9443.73 11810.9 8391.83 12169.8 12694 8412.66 11045.1 12771.4 8385.94 9861.7 8477.22 11979 9636.79 10917.8 11605.4 7877.65 13702.1 10644.2 9890.26 9778.1 8662.32 10515.8 9754.04 9065.25 8164.67 11200.9 9499.76 11103.4 7835.52 8123.6 10975.8 7910.87 8588.12 10334.7 8659.78 12185 10292.9 12320.3 14732.7 14166.3 10718.3 9084.86 11435.7 12100.2 10455.4 11351.4 13016.2 8675.87 9182.04 9544.78 8412.13 9300.84 11864 10785.7 8882.08 10501.8 10996.6 11555.4 8771.5 9956.26 8888.69 10025.1 8840.21 8140.1 9329.51 11045.4 9823 7950.88 8552.81 9604.45 7729.68 11152.4 10286.4 10957.7 13124.6 9677.86
11341.3 24652.1 19377.2 14239.4 17364.3 16059.8 17536.5 11327 19129.4 17768.7 11571.8 17608.8 12542.5 14392.6 14892.4 19202.1 12388 14059.2 19567.1 10411.7 14068.3 17972.7 11060.2 14848.1 12617.4 14266.2 10917.8 15464 18684.4 12251.9 20547.5 15201 16046.2 15942.6 13610.6 17233.1 14460 11217.1 12889.4 17530.4 12381.5 12495 11263.8 11163.7 16883.2 10625.8 10578.3 15906.1 11966.8 19751.2 13763.3 14321.3 22348.4 17402.1 12860.1 10526.2 15838 18293.2 16736.6 18066.2 15148.4 13989.3 13290.3 14864.9 13001.2 11642 17103.2 15933.2 13475.3 17206.1 12591.6 17630.6 14179.6 12443.3 10446.5 11170.7 12743.9 13003.1 14380.1 17308.1 14023.7 11628.1 11255.7 15717.2 11918.1 18142.6 16603.3 16061.3 15670.7 13366.5
9855.39 48128.1 34634.8 25656.7 23629 33013.9 24963.1 18267 23017.7 35657.7 15726.5 18386.7 14616.3 27372.2 23794 37321 23810.1 15664 39823.5 12386.5 14180 34068.9 17721.4 30162 17984.7 13203.8 11605.4 18684.4 37575.8 22979.8 41177.4 29580.2 28572.2 31915.1 27399.6 32681.8 19173.5 11357.7 22252.2 27355.9 20644.7 11788 19698.9 14640.4 34742.5 15592.3 14329.9 23264 21408.5 36753.2 15001.7 13524 44504.1 17950.1 11647.4 10430.2 29576.2 37284.1 28232.6 36875.3 16289.6 27631.7 25788.8 30514.8 20482.8 17700.1 33582.3 32087.3 27032.1 33709.4 10967.8 25338.3 25558.6 12148.1 12119.5 10401.5 16473.8 24063.4 21402.7 35618.2 17132.4 17206.4 13023.3 29320 20890.5 36099.7 33777.3 20758 15296.2 24675.8
6793.25 29268.3 21565.9 16082.8 15231 20267.4 15844.3 11987 14744.4 21781.4 10337.2 11931.3 9800.84 17195.1 15258.9 22935.4 15049.2 10266 24220.1 8425.17 9464.63 20965.8 11544.9 18603.6 11838.9 8775.27 7877.65 12251.9 22979.8 14675.2 25034.9 18294.5 17980.5 19709.4 17099.2 20274.9 12548.6 7790.83 14322.3 17403.7 13201.9 7916.01 12749.8 9827.09 21227 10357 9552.88 14982.7 13656 22726.1 10005.7 8943.18 27042.5 11686.8 7875.96 7205.65 18341.4 22704.4 17848.8 22521 10639.2 17282.9 16134 18822.6 13309.4 11500.6 20611.2 19705.2 16854.6 20797 7410.31 16242 16209.5 8241.82 8227.69 7121.15 10933.3 15326 13865.1 21754.8 11319.5 11372 8837.08 18347.7 13525.8 22146.9 20740.3 13504.7 10033.1 15503.5
11713.4 54068.5 37495.5 29249.1 25720.2 36361.3 29037.9 19912.1 26979 40280 18246.2 21554.8 16114.5 29575 25618 40609.7 26445 18575.3 44465.8 14058 16135.9 38770.9 19989 33729.6 19472.7 15554.3 13702.1 20547.5 41177.4 25034.9 46360.9 33493.2 30788.2 34727.5 30091.5 35338.9 20814.7 12931.1 23991.3 29565.9 23558.1 14151 21772.9 16111.8 38778.4 17349 16372.4 25139.9 24075.1 39869.9 16735 16112.6 49890.5 20902.7 13599.1 12166.9 33685.5 41894.2 30439.8 40644.2 19325.3 30051.8 28933.2 33783.3 22080.8 20306.3 38067.5 36148.6 30005.2 36571.1 13125.4 27482.3 27533.2 13861.4 14038.3 12447.2 17943 26018.9 23082.1 39505.9 18749.5 18709 14496.7 31628 22649.6 39348.7 36976.7 22650.7 18031.6 27956.9
9148.47 39036 26998.2 21642.9 18806.5 26219.2 21751.1 14729.6 20313.1 29241.2 13902.2 16289.1 12068.2 21377.7 18630.2 29156.7 19414.4 14208.3 32038.2 10761.6 12197.8 28367.9 14991.4 24529.7 14363.1 11891.5 10644.2 15201 29580.2 18294.5 33493.2 24534 22232.1 24997.3 21846.7 25413 15312.3 9921.92 17499.6 21450.1 17610.7 10976.4 16122 12086 28020.8 13035.5 12473.9 18331.2 17856.8 28655.8 12551.1 12355.7 35972.5 15770.7 10443.7 9470.93 24771.7 30280.1 22017.4 29235.3 14745.1 21747.1 21234.2 24468.2 16166 15326.7 27766.3 26305.5 21876.3 26278.9 10175.2 20021.7 19950.3 10574.5 10834.4 9736.13 13310.6 18922.5 16867.4 28477.2 13895.7 13861.5 10974.1 22804.3 16609.7 28256.3 26607.6 16646.2 13714.8 20655.9
8901.53 36192.8 27298.6 19518.7 19804.5 24954.6 19685.3 14812.5 18822.9 26628.4 12661.2 15657.5 12708.3 21401.3 19401.9 28735.5 18252.2 13030.4 29844.6 10539.3 12524.4 25609.1 14018.4 22663.9 15051.3 11669.1 9890.26 16046.2 28572.2 17980.5 30788.2 22232.1 22679.6 24470.9 20918.4 25466 16252.2 10079.2 17862.8 22304.4 16000.8 10250.9 15510.8 12394.7 26020.2 12743.4 11710.7 19289.7 16526.8 28648.1 13145 11776.5 33391.9 15420.4 10463.4 9177.69 22316.8 27840.6 22664.1 27856.1 13666 21323.8 19557.5 23028.1 16787.1 13977.6 25141.4 24014.4 20504.2 25998.2 9809.2 21009 20284.4 10847.6 10227.7 9141.56 14057.8 18968.6 17731.8 26771.2 14749.6 14254.2 11300.9 23014.7 16674.7 27622.9 25676.5 17609.6 13261.1 18778
8265.79 40591.8 29564.2 21680.9 20188.8 28046 20950.2 15714.8 19240.7 30083.8 13294.7 15351 12514.8 23446.8 20424.5 31769.6 20296.8 13095.6 33655 10573 11989.7 28713.9 15102.9 25561.7 15470.4 11028.1 9778.1 15942.6 31915.1 19709.4 34727.5 24997.3 24470.9 27213 23370.4 27911.3 16437.5 9663.9 19136.1 23410.6 17490.9 9829.1 16868.3 12578.1 29399.3 13363.1 12195.3 19936.6 18212.2 31330.7 12771.6 11258 37558.1 15017.1 9782.17 8831.54 24957.4 31477.6 24177 31278.7 13592.2 23625.5 21890.2 25921.9 17621.8 15001.6 28330.1 27120.4 22996.1 28745.5 9139.97 21666 21932.5 10293.4 10284 8715.62 14147.4 20658.9 18379.6 30177.7 14663.3 14810.1 11153.4 25095.5 17968.1 30716.1 28729.1 17741.3 12757.2 20900.7
7238.63 35090.2 25227.6 19028.8 17194.6 24209.9 18366.9 13652.5 16766.1 26165.6 11768.9 13272.2 10763.5 20139 17464.5 27175.8 17732.6 11507.8 29088.2 9290.91 10304 25058 13298.1 22247.5 13301.1 9533.02 8662.32 13610.6 27399.6 17099.2 30091.5 21846.7 20918.4 23370.4 20262.8 23855.6 14042.4 8408.9 16478.8 19959.1 15410.2 8633.51 14753.8 10917.9 25477.2 11708.8 10775.2 17005.1 15991.4 26753.4 10953.9 9787.36 32462.5 12942.9 8461.92 7781.49 21841.9 27299.6 20641.1 26936 11889 20375.2 19143.3 22475.6 15143.1 13254.3 24700.8 23622.5 20026.6 24604.9 7964.21 18453.8 18819.1 8890.8 9099.17 7695.72 12150.2 17819 15718.3 26075.4 12541.5 12813.4 9677.7 21477 15567.1 26319.1 24713.2 15125.2 11033.3 18336.6
9194.2 41439.8 30744.6 22138.7 21575.4 28594.6 21838 16391 20477.8 30560.6 13896.6 16698.7 13551.7 24199.4 21477.5 32718.5 20720.6 14018.7 34266.9 11294.6 13186 29247.5 15607.4 25970.7 16414.3 12208.9 10515.8 17233.1 32681.8 20274.9 35338.9 25413 25466 27911.3 23855.6 28859.6 17607 10577.9 19922.2 24680.4 17966.7 10765.9 17378.7 13393.6 29882.9 13987.9 12790.9 21156.4 18647.3 32439.6 13939.7 12383.6 38291.6 16395.7 10875.3 9627.33 25429.3 31986.2 25295.1 31928.9 14643.4 24236.4 22286 26379.8 18522.3 15526.7 28795.5 27539.8 23411.4 29593 10171.9 23030.1 22771 11350.6 10964.3 9553.17 15164.3 21345.3 19459.2 30726.1 15830.9 15609.8 12038.3 25988.8 18625.3 31533.1 29375.7 19056.3 14004.5 21319.1
9827.36 24823.7 19536.9 14077.5 16635.4 16559.9 16343.6 11286.6 17243.1 18003.5 10803.3 15540.8 11702.4 14776.9 14814 19624 12617.2 12519.2 19967.9 9655.07 12589.7 17919.4 10805.3 15191.6 12302.9 12405.1 9754.04 14460 19173.5 12548.6 20814.7 15312.3 16252.2 16437.5 14042.4 17607 13858.1 10115.1 13043.7 17276.5 12078.7 10849.7 11313 10666.9 17302.1 10303.7 9976.38 15520.1 11940.5 20040.2 12594.3 12422.4 22635.9 15383.1 11232 9382.41 15758.1 18636.3 16764.9 18560.8 13393.5 14434.8 13471.8 15311.9 12930.7 11147.5 17225.9 16198.1 13825 17661.9 10832.9 17085.4 14436.7 11110.2 9553.15 9740.51 12173.9 13312.5 14118.7 17778.4 13202.2 11411.6 10470.4 16056.2 12087.7 18624.9 17116 15247.5 13689.2 13339.2
9602.19 15634 12169 9766.62 12000 9769.53 13229.4 7705.24 14976.8 11282.1 8995.24 14033.1 9347.56 8879.08 9745.14 11735.1 8018.29 11417.5 12094.7 8178.79 11048.5 11885.8 7947.55 9321.71 8732.47 11660.7 9065.25 11217.1 11357.7 7790.83 12931.1 9921.92 10079.2 9663.9 8408.9 10577.9 10115.1 8996.83 8308.26 11540.4 8841.71 10504.5 7599.39 8190.67 10425 7724.66 8138.21 10709 8166.41 12236.7 10458.3 11808.1 14006.2 13798.1 10540 8747.05 10617.3 11415.8 10717.8 10994.8 12294.8 8581.14 8646.19 9149.35 8647.46 8666.01 11064.3 10112.7 8478.73 10462.9 10584.1 11939.9 8914.57 9937.28 8436.39 9488.3 9114.71 8180.58 9664.08 10589.1 10137.7 8078.89 8605.35 9712.06 7758.12 11012.3 10056.7 11320.7 12689.1 9025.09
7364.91 28189 21388 15484.3 15768 19496 15720.4 11965.8 15071.9 20814.2 10301.5 12579.4 10335.6 16864.1 15425.2 22398.3 14499.7 10568.4 23238.1 8685.41 10164 20110.4 11332.5 17788.1 12138.3 9470.8 8164.67 12889.4 22252.2 14322.3 23991.3 17499.6 17862.8 19136.1 16478.8 19922.2 13043.7 8308.26 14257 17652.1 12828.3 8399.52 12468.5 10116.3 20313.4 10380.3 9581.37 15356.6 13213.4 22377.8 10656.2 9555.28 25994.4 12394.3 8555.53 7618.51 17600.6 21712.1 17887 21702.2 11051.3 16789.5 15473.1 18050.5 13452.7 11302 19709.4 18820.5 16170.1 20300.4 8036.17 16682.3 16053.6 8878.33 8440.34 7564.11 11375.5 15066 14167.2 20877.9 11894.6 11540.3 9265.85 18082.2 13370.8 21527.4 20041.3 14086 10704.8 14906.4
10730.2 34985.6 26870.6 19174.7 20959.4 23750.1 20627.4 14867.2 20721.5 25543.6 13363.2 17977.2 13974.2 20685.1 19609.9 27723 17592.7 14641.1 28537.1 11494.1 14436.2 24902.4 14120.2 21630 15641.4 13867.4 11200.9 17530.4 27355.9 17403.7 29565.9 21450.1 22304.4 23410.6 19959.1 24680.4 17276.5 11540.4 17652.1 22730.9 15997.1 12103.5 15265.3 13149.2 24790.8 13109.9 12332.1 19988.7 16211.9 27926.4 14774.6 13932.1 32116.5 17754.1 12470.4 10583.2 21757.3 26611.4 22612.2 26583.1 15538.9 20429.1 18841.3 21911.6 16991.9 14302.6 24234.3 22991.9 19591.2 25009.5 11869 21903.6 19857.3 12592.6 11256.3 10796.3 15011.9 18428.4 18257.8 25501.4 16035.5 14640.6 12427.1 22369.3 16394.9 26497.9 24493.9 18885.9 15532.1 18318.2
8661.85 27600.8 19363.4 16019.6 14641.4 18282.8 17306.6 11164.5 16963.4 20649 11423.6 14183.5 10064.3 15184.3 13850.2 20480.3 14020.7 12317.3 22389.2 9172.29 10717.9 20469.8 11605.1 17305 11163.1 10834.7 9499.76 12381.5 20644.7 13201.9 23558.1 17610.7 16000.8 17490.9 15410.2 17966.7 12078.7 8841.71 12828.3 15997.1 13455.7 10091.4 12020.5 9797.3 19584.5 10313.7 10249.9 13963.1 13282.7 20336.2 10686.5 11228 25286.2 13753.8 9615.22 8624.46 18038.7 21220.7 16069.6 20370 12867.4 15344.1 15295.8 17145.6 12155.1 12119.9 19798 18603.7 15519.5 18439 9558.73 15306.8 14373.8 9463.16 9388.56 9059.48 10676.3 13613.9 12825 19852.2 11300.5 10739.2 9288.93 16221 12216.8 19754 18553 13210 12248 15175.1
11915.2 17189.3 12588.2 11074.2 13004.2 10131.4 16034.2 8013.48 18602.1 12387.6 10700.8 17526.4 10368.5 8923.46 10031.4 12099.8 8477.2 14295.6 12976.5 9390.81 13112.2 13400.8 8863.66 9961.88 9168.24 14568.8 11103.4 12495 11788 7916.01 14151 10976.4 10250.9 9829.1 8633.51 10765.9 10849.7 10504.5 8399.52 12103.5 10091.4 13321.2 8041.12 8897.77 11110.2 8451.33 9391.47 11289.5 8960.7 12639.7 11966.4 14970.6 15249.9 17077.7 12922.6 10509.3 11985.4 12370.6 11030.7 11488.2 15478 8670.23 9352.99 9557.9 8881.49 10045.9 12280.1 11010.5 8911.18 10663.1 13383.3 12763.5 8979.07 11754.8 10002 11866.9 9799.93 8222.16 10073.9 11159.1 11122 8474.36 9638.16 9813.36 7882.29 11325.6 10343.5 12362.6 15932.5 10049.9
6961.98 25485.1 18605.8 14419.4 13656.1 17410.1 14807.7 10655.6 14131.8 19016.4 9809.89 11652.5 9129.47 14769.1 13350.8 19654.7 13197.4 10081.2 20931.7 8049.15 9152.37 18550.1 10525.6 16176.1 10601.2 8777.87 7835.52 11263.8 19698.9 12749.8 21772.9 16122 15510.8 16868.3 14753.8 17378.7 11313 7599.39 12468.5 15265.3 12020.5 8041.12 11324.5 9041.77 18352.8 9478.71 9004.6 13267.7 12206 19534.1 9450.87 8989.46 23465.5 11382.3 7885.18 7190.8 16309.7 19703.4 15494.2 19339.3 10476.4 14846.4 14190.6 16245 11718.3 10666.3 18107.7 17203.7 14651 17794.7 7587.04 14423.6 13992.6 8054.52 7999.7 7268.53 9953.58 13246.9 12263.5 18736.2 10382.7 10194.6 8332.35 15754.6 11827.3 18957.1 17768.7 12228.1 9943.86 13818.1
8057.05 19158.4 14834.5 11265.2 12693.1 12748.4 13178.3 8948.91 13820.7 14037 8924.58 12348 9209.87 11346.5 11346.4 14922.8 9985.62 10226.7 15382.5 7927.56 9943.71 14112.2 8789.56 11869.9 9591.94 9910.13 8123.6 11163.7 14640.4 9827.09 16111.8 12086 12394.7 12578.1 10917.9 13393.6 10666.9 8190.67 10116.3 13149.2 9797.3 8897.77 9041.77 8526.65 13392 8347.9 8231.56 11852.1 9590.21 15215.8 9877.4 10002 17449.5 12168.4 9007.33 7768.55 12500.2 14441 12771.2 14228.5 10854.8 11138.9 10665.3 11879 10024.6 9138.98 13514.5 12671.4 10833.8 13451.8 8787.85 13008.5 11091.3 8876.25 7939.08 8078.17 9506.24 10320.1 10846.1 13695.2 10230 9009.26 8401.57 12254.5 9484.92 14192.7 13113 11691.1 10913.3 10658.4
9174.07 45179.1 31596.6 24363.5 21348.2 30709.4 23695.8 16791.1 21681.2 33701.7 14939 17109 13242.6 25077 21570.5 34279.3 22309.4 14834.3 37320.2 11514.4 12931.7 32304.3 16676.7 28377.6 16310.5 12215.3 10975.8 16883.2 34742.5 21227 38778.4 28020.8 26020.2 29399.3 25477.2 29882.9 17302.1 10425 20313.4 24790.8 19584.5 11110.2 18352.8 13392 32606.9 14481.6 13491.4 21026.2 20181.1 33624.7 13600.5 12635.6 41758 16608.5 10714.4 9735.41 28075.9 35114.4 25650.8 34267.6 15363.1 25482.8 24313.8 28518.5 18611.4 16791 31807.7 30308.6 25325.5 30932.4 10222 22910.7 23322.5 11096.9 11403.7 9803.26 14907.6 22073 19362.1 33272.3 15466.1 15709 11899.8 26775.9 19188.2 33240.9 31255.7 18738.4 14211.7 23373.7
7510.41 20467.4 15266.9 12012.8 12311.8 13707.6 13427.6 9133.65 13577.1 15173.9 9079.96 11741.9 8755.57 11890.4 11381.2 15707 10688.7 9991.95 16562.3 7759.86 9285.63 15134.3 9143.32 12845 9438.53 9233.01 7910.87 10625.8 15592.3 10357 17349 13035.5 12743.4 13363.1 11708.8 13987.9 10303.7 7724.66 10380.3 13109.9 10313.7 8451.33 9478.71 8347.9 14481.6 8458.06 8323.34 11655.8 10180.4 15822.9 9289.93 9414.35 18712.3 11500.3 8347.54 7414.4 13396.4 15611.9 12959.4 15253.3 10498.2 11825.3 11477.4 12820.6 10062.7 9473.56 14579.9 13716.6 11675.8 14181.5 8177.69 12748 11462.4 8277.57 7819.38 7680.14 9177.27 10778.4 10718.8 14760.4 9754.51 8989.37 8051.49 12750.3 9824.43 15043.2 14016.9 11238.1 10268.6 11404.1
8323.3 19371.2 14105.4 11757.1 11915.4 12608.9 13908.6 8638.05 14450.7 14375.2 9457.56 12678.5 8782.05 10845.6 10616.8 14411.8 10047.3 10837 15459.1 8018.56 9784.82 14621.5 9028.96 12029.8 9017.86 10115.2 8588.12 10578.3 14329.9 9552.88 16372.4 12473.9 11710.7 12195.3 10775.2 12790.9 9976.38 8138.21 9581.37 12332.1 10249.9 9391.47 9004.6 8231.56 13491.4 8323.34 8537.08 11066.4 9835.38 14566.1 9514.52 10396.5 17604 12356.8 9089.14 8008.14 13001.2 14660.3 12014.8 14059.8 11426.4 10799.8 10890.7 11858.5 9420.18 9609.72 13930.6 12960.3 10879.2 12951.6 9114.79 12188.5 10504.1 8770.49 8274.14 8519.87 8953.8 9875.28 10126 13666.6 9641.88 8586.93 8170.3 11649.9 9106.1 13776.3 12840.1 10986.9 11208.6 11041.5
10113.1 29837.9 23203.9 16554.3 18744 20155 18312.6 13061.5 18754.5 21726.1 11970 16534.1 12756.3 17748.7 17210.9 23677.5 15088.8 13393.3 24223.5 10481.7 13364.3 21334.3 12405 18389.4 13944.9 12940.3 10334.7 15906.1 23264 14982.7 25139.9 18331.2 19289.7 19936.6 17005.1 21156.4 15520.1 10709 15356.6 19988.7 13963.1 11289.5 13267.7 11852.1 21026.2 11655.8 11066.4 17732 14033.4 23985.3 13571 12970.2 27327.1 16354.6 11681.5 9850.6 18686.4 22587.9 19690.9 22566.4 14261.1 17446.2 16125.8 18606.4 14956.5 12636.6 20673.3 19558.2 16697.6 21347.7 11161.2 19458.8 17162.2 11714.2 10290.9 10103.5 13540.8 15884.8 16173.3 21628.1 14545.7 13000.7 11364.3 19228.8 14245.1 22567.4 20810.7 17001.2 14398.5 15774.9
7649.99 28132.8 19935.3 15997.2 14491.8 18972.9 16530.1 11319.5 15755.6 21065 10859.7 12904.4 9669.08 15793.6 14124.4 21230.4 14367.8 11257.1 23030.7 8686.52 9874.55 20619.3 11483.9 17783.7 11173.6 9670.76 8659.78 11966.8 21408.5 13656 24075.1 17856.8 16526.8 18212.2 15991.4 18647.3 11940.5 8166.41 13213.4 16211.9 13282.7 8960.7 12206 9590.21 20181.1 10180.4 9835.38 14033.4 13368.7 21009.7 10083.4 9994.05 25876.8 12536.1 8604.49 7840.75 18119.4 21761.2 16478.6 21102.2 11693.9 15973.8 15590.5 17745.7 12370 11774.5 20090.8 19014.4 15995.9 19172.4 8402.33 15303.8 14883.4 8673.52 8753.6 8053.29 10496.8 14119.4 12942.4 20524.1 10980.7 10777.5 8865.47 16837.8 12569.2 20517.6 19286.9 12960.3 11006.5 15264.4
10812.7 46801.6 34647.9 25026.2 24580 32119.2 25018.7 18444.3 23709.1 34462.9 15879.1 19500.8 15521.2 27147 24234.1 36806.5 23269.4 16283.8 38604.1 12925 15324.1 33059.7 17638.2 29205.7 18579.9 14351 12185 19751.2 36753.2 22726.1 39869.9 28655.8 28648.1 31330.7 26753.4 32439.6 20040.2 12236.7 22377.8 27926.4 20336.2 12639.7 19534.1 15215.8 33624.7 15822.9 14566.1 23985.3 21009.7 36528.2 16073.3 14562.1 43202.3 19141.3 12758.5 11171.4 28735.8 36044.3 28519.7 35905.5 17065.4 27172.4 25073 29626.1 20878.4 17632.9 32494.1 31020.8 26286.7 33248.7 12008.7 26163.6 25571.8 13194.3 12597.9 11189.1 17256.4 23933.9 22015.6 34557.2 18101.5 17627 13782.2 29193.1 20898.5 35447.1 32994.7 21754.9 16425.2 24049.3
10913.6 20194.9 15895.4 12049.7 15055.3 12857.3 15719.7 9590.15 17623.4 14504.2 10472.3 16484 11277.6 11636.5 12479.6 15492.4 10172.3 13168.9 15802.1 9516.35 13071.2 14970.5 9576.19 12031.6 10868.9 13558.3 10292.9 13763.3 15001.7 10005.7 16735 12551.1 13145 12771.6 10953.9 13939.7 12594.3 10458.3 10656.2 14774.6 10686.5 11966.4 9450.87 9877.4 13600.5 9289.93 9514.52 13571 10083.4 16073.3 12548 13645.9 18189.2 16264.7 12222.5 9953.06 13262.5 14819.2 13872.9 14490.9 14233.7 11248.8 10940.9 11943.8 10954.4 10273.8 14080.7 12985.9 10923.4 13834.7 12118.5 15110.4 11591.1 11636.1 9673.64 10718.2 11197.2 10596.8 12231.3 13896.6 12438.7 9992.63 10208.8 12748.5 9865.92 14567.6 13286.5 14073.2 14810.7 11210
13385.9 19621.7 14505.4 12395.8 14963 11557.8 18028.3 9011.43 21090.5 14040.2 11861.3 20038.3 11772.3 10202.7 11500.2 13921.7 9515.42 16056.8 14809.3 10443.6 14958.2 15126.8 9841.58 11263.7 10420.8 16631.9 12320.3 14321.3 13524 8943.18 16112.6 12355.7 11776.5 11258 9787.36 12383.6 12422.4 11808.1 9555.28 13932.1 11228 14970.6 8989.46 10002 12635.6 9414.35 10396.5 12970.2 9994.05 14562.1 13645.9 17034.4 17409.6 19557.6 14687.2 11695.4 13474 14067 12685.5 13145.2 17485.6 9877.96 10500.7 10849.9 10114.2 11140.3 13875.2 12448.6 10055.4 12253 15163.6 14694.3 10267.9 13327.7 11075.4 13233.4 11144.9 9348.53 11533.9 12728.2 12710.3 9565.33 10843.2 11264.8 8904.9 13009.9 11837.5 14196 18212.7 11243.4
12658.5 58239.6 40658.5 31393.1 27970.3 39236.5 31198.3 21532.1 29066.1 43297.2 19583.7 23307.4 17507.1 32021.9 27816.8 43959.9 28468.4 19982.7 47910.4 15165.9 17522 41640.7 21491.4 36289.3 21138.5 16846.3 14732.7 22348.4 44504.1 27042.5 49890.5 35972.5 33391.9 37558.1 32462.5 38291.6 22635.9 14006.2 25994.4 32116.5 25286.2 15249.9 23465.5 17449.5 41758 18712.3 17604 27327.1 25876.8 43202.3 18189.2 17409.6 53744.3 22633 14742.9 13123.5 36162.8 45078 33037.7 43875.4 20818.8 32484.8 31104.5 36408 23955.6 21795.6 40893.8 38856.7 32309.4 39592.2 14190.3 29876.6 29840.2 15041.7 15102.7 13406 19493.9 28157.3 25078.2 42592.1 20391.8 20269.4 15710.8 34276.7 24498.1 42566.9 39951 24638.1 19509.1 30020.5
15275.2 25333.6 18935.5 15444.3 18586.4 15356.9 21453.4 11381.2 24691.6 18146.5 13999.1 23308.1 14183.3 13520.1 14745.7 18434.6 12274.5 18554 19422.4 12319.9 17565.7 19138.2 12058.8 14698.7 13017.6 19185 14166.3 17402.1 17950.1 11686.8 20902.7 15770.7 15420.4 15017.1 12942.9 16395.7 15383.1 13798.1 12394.3 17754.1 13753.8 17077.7 11382.3 12168.4 16608.5 11500.3 12356.8 16354.6 12536.1 19141.3 16264.7 19557.6 22633 22806.3 16959.1 13470.8 16953.7 18352.4 16423 17429.9 20195.6 13127.8 13469.9 14332.2 12894 13401.9 17763.1 16118.5 13145.2 16300.1 17307.4 18441 13473.4 15571.7 12898.9 15070 13689.4 12283.5 14587.6 16823.4 15495.9 11946.6 12940.8 14888.5 11505.4 17299.7 15771.3 17479.6 21063.9 14136.9
11746.3 16618.6 12791.6 10518.4 13431.8 9908.53 15355.4 8060.54 18049.8 11830.3 10230.1 17281.2 10625.6 9000 10340.6 12105.8 8209.41 13780.1 12555.5 9266.84 13264.7 12754 8557.58 9567.26 9433.23 14473.3 10718.3 12860.1 11647.4 7875.96 13599.1 10443.7 10463.4 9782.17 8461.92 10875.3 11232 10540 8555.53 12470.4 9615.22 12922.6 7885.18 9007.33 10714.4 8347.54 9089.14 11681.5 8604.49 12758.5 12222.5 14687.2 14742.9 16959.1 12932.5 10318.3 11384.5 11875.5 11315.5 11254.7 15004 8629.14 8960.19 9277.26 9122.34 9594.02 11692.9 10515.8 8620.32 10686.6 13173.9 13184.4 9139.66 11864 9708.31 11511.9 10094.5 8289.33 10415.5 10840.9 11476.3 8624 9751.53 9952.03 7937.62 11270.6 10205.3 12771.6 15739.8 9570.84
9541.3 14696.7 11109.8 9451.09 11119.9 9017.83 13043.7 7205.94 14774.7 10673.3 8934.58 13768.4 8836.88 8094.34 8917.93 10723.6 7558.87 11390.1 11282.3 7996.51 10651.3 11388.3 7705.16 8760.39 8102.32 11453.7 9084.86 10526.2 10430.2 7205.65 12166.9 9470.93 9177.69 8831.54 7781.49 9627.33 9382.41 8747.05 7618.51 10583.2 8624.46 10509.3 7190.8 7768.55 9735.41 7414.4 8008.14 9850.6 7840.75 11171.4 9953.06 11695.4 13123.5 13470.8 10318.3 8685.56 10216.7 10720 9782.88 10144.2 12223.3 7863.57 8211.7 8503.99 7956.68 8526.22 10535.7 9562.66 7939.51 9537.71 10505.2 11011.1 8127.98 9623.24 8380.56 9519.46 8515.11 7494.88 8886.3 9826.08 9489 7546.03 8238.49 8834.96 7172.49 10071.4 9230.76 10534.9 12476.7 8683.92
